91072
82472
85010
82704
79785
89602
30926
16047
14323
14787
14820
15814
63271
76268
42086
43246
43266
45607
30996
15846
13193
16489
15092
16026
50003
77215
85010
90900
48625
46029
30828
16752
13913
14304
15499
15147
72282
83654
53061
46358
47646
48684
30925
15709
14533
14416
15753
15252
46019
85691
91282
91125
46374
46580
30783
15674
13263
13976
15902
14906
69654
88157
95113
83368
48403
49114
30785
15677
13848
16489
16329
16054
94144
121280
103195
93318
100929
93124
34017
15882
13423
13943
15071
14865
70538
85509
85306
45552
48387
48012
31328
15653
14205
16498
15561
16991
75111
87984
92873
90983
88416
47359
30729
15626
13200
13836
15463
15322
77452
45130
45406
49246
49009
52697
31746
15700
15370
16977
17963
17098