151867
110973
114953
105669
106479
101147
42585
29657
41310
32955
39819
35947
118262
119812
123049
114423
100837
99451
41569
28008
35379
42758
33366
36247
115141
99458
120596
122288
118880
123936
42456
32078
39595
40433
37202
42748
135007
120581
122418
122082
105967
111379
40582
27438
41611
38629
35799
35261
117913
101176
121284
121673
121526
115818
41429
28417
36388
55338
40275
34932
121263
119581
120434
107832
103873
103055
40857
28110
37854
31781
49340
33535
113256
121003
123158
123550
122060
100109
38064
27676
35922
42119
33780
37865
134306
121505
119779
121551
107343
99968
38939
27316
39836
38145
39508
36024
139631
121144
122842
114590
104242
105834
36694
27680
37317
40689
41146
35234
133360
119867
121662
122805
108671
100988
40311
29216
37732
40714
40033
35377