47625
41318
42828
44101
44160
43499
30757
15726
14002
15385
15662
15746
41735
68469
64351
40928
42813
43997
30763
15712
13738
13944
15811
14726
41811
63169
61810
41762
43054
42055
30756
15676
14010
13355
13793
15468
60773
65712
44634
45427
43673
42989
30650
15748
14267
14527
13844
15322
50745
67623
43191
43815
45374
44351
30636
15685
14149
15265
14498
14981
52653
64172
42323
43233
44317
44064
30656
15672
13916
13757
14328
15457
44654
64384
67741
44596
47630
46692
30672
15687
14196
13464
15489
14355
54946
58181
54485
43710
42039
43539
30690
15625
13176
13195
14177
13947
42648
64071
43915
42371
41758
41458
30685
15681
13866
14963
14121
14535
44406
67008
69509
42607
40878
41710
30640
15649
13214
13565
14102
13854