50722
43246
43899
45134
44153
44451
31455
15837
15124
18167
18156
18046
69336
78846
82364
48198
47909
47671
31365
15765
18592
17401
17242
19024
62509
78436
81449
45901
44523
45520
31038
15820
15963
16913
18011
18483
52217
74348
83650
46741
46113
45877
31108
15900
16008
16005
17163
17514
50179
73045
79078
45780
46385
44441
31088
15834
15164
17207
17927
17680
49525
71679
77309
45669
44201
44493
34314
16104
15362
16951
17373
17897
49170
76019
78499
45411
44176
44796
30854
15770
15595
17068
17307
17383
50947
77945
77452
84688
45716
44370
30995
15867
15939
17753
17067
18125
59708
73904
71548
47165
45728
52345
31110
15932
16142
17869
18129
18268
53069
74007
87297
49285
45001
47756
30946
15854
16265
16961
17373
17731