66949
39858
40702
40932
41611
42739
30660
15667
12913
12595
14257
13787
41144
73791
80147
44084
47742
41502
30647
17232
13854
13676
13720
13965
50105
61550
47346
49500
41173
41001
30708
15616
12843
12406
15127
13822
44624
74301
66606
42743
47477
41933
30740
15551
12831
14802
13810
16994
61747
74752
41594
42395
41941
41252
30600
15621
12961
13903
13882
13453
41110
64632
59392
41158
41735
40570
30737
15693
14915
20935
14609
14559
42939
72146
64675
41642
39902
43838
30855
15658
13517
14202
13817
14897
41505
64643
76156
67034
41113
41478
30660
15665
13522
12560
13244
14186
41576
65708
66272
42168
49709
44149
30860
15625
13082
12937
13690
14701
44123
60732
66982
42575
41603
47630
30812
15672
14426
14078
14870
14271